Rumour A: jenner_lips, Rumour B: khloe_father

A indices: 176,35,25,102,288,257,154,292,312,112,302,215,247,294,246,189,178,171,253,12,263,187,204,155,109,71,235,220,96,5,317,106,116,213,200,223,117,329,46,123
B indices: 11,70,84,43,98,37,99,12,21,77,79,16,32,52,1,74,14,75,61,50,55,19,57,9,35,64,58,23,31,45,92,26,54,47,4,56,30,33,72,76

T-value: -0.5709743530436947

Rumour A Stats: 
Impact Scores: 
MEAN:0.0705601891224251
MEDIAN:0
variance:0.05154683085374808
standardDeviation:0.22703927161120843


Follower Counts: 
MEAN:2.156955048309029e+128
MEDIAN:105116
variance:4.6524550804258095e+256
standardDeviation:2.15695504830903e+128


Rumour B Stats: 
Impact Scores: 
MEAN:0.1029876114406036
MEDIAN:0
variance:0.07424610701095731
standardDeviation:0.27248138837534813


Follower Counts: 
MEAN:1.405385597040518e+106
MEDIAN:103613.5
variance:1.9751086763689323e+212
standardDeviation:1.4053855970405176e+106
